Introduzca conjunto de datos o FIN para terminar la ejecución:Launching partition  0
Test size:  154
Train size:  614
Test set size:  154
Train set size:  614
Pasamos a la siguiente vuelta:  0.5388436482084691 [0.07352504 0.80207909 0.97336761 0.35276786 0.09581358 0.01926804
 0.87898317 0.19982498]
Pasamos a la siguiente vuelta:  0.5388436482084691 [0.07352504 0.80207909 0.97336761 0.35276786 0.09581358 0.01926804
 0.87898317 0.19982498]
Pasamos a la siguiente vuelta:  0.5388436482084691 [0.07352504 0.80207909 0.97336761 0.35276786 0.09581358 0.01926804
 0.87898317 0.19982498]
Poblacion:  [array([0.08518694, 0.94028411, 0.65031266, 0.62037799, 0.08954264,
       0.44909418, 0.90307851, 0.08382961]), array([0.07352504, 0.80207909, 0.97336761, 0.35276786, 0.09581358,
       0.01926804, 0.87898317, 0.19982498]), array([0.60339871, 0.72165859, 0.42105462, 0.27097423, 0.4126657 ,
       0.3588426 , 0.61988447, 0.70742106]), array([0.12597894, 0.96003541, 0.06176118, 0.16960352, 0.81704988,
       0.72905045, 0.61087298, 0.20706118]), array([0.69359469, 0.27417364, 0.69192998, 0.40891997, 0.60662903,
       0.64680554, 0.7041881 , 0.70790646]), array([0.24134804, 0.35364108, 0.49415614, 0.43012356, 0.9486698 ,
       0.05096089, 0.15512904, 0.02262758]), array([0.808876  , 0.66591598, 0.97200396, 0.38769676, 0.61111648,
       0.68229934, 0.9370272 , 0.56376702]), array([0.79735728, 0.59095035, 0.38475242, 0.62657132, 0.51626625,
       0.77794932, 0.45206295, 0.38288819]), array([0.34125055, 0.98769999, 0.94946015, 0.23207891, 0.70466698,
       0.40304534, 0.36869953, 0.7497419 ]), array([0.54153306, 0.98354598, 0.14133226, 0.42216719, 0.64288141,
       0.22587488, 0.08516673, 0.81465457]), array([0.23249596, 0.88127218, 0.38874572, 0.95142471, 0.96467978,
       0.62949087, 0.81192037, 0.10062957]), array([0.30078091, 0.8263111 , 0.59733289, 0.33758686, 0.18253053,
       0.75397612, 0.74770715, 0.7852581 ]), array([0.17111385, 0.92327077, 0.51318866, 0.07880498, 0.28241821,
       0.05645355, 0.66588392, 0.37653555]), array([0.72743506, 0.53789767, 0.79109723, 0.11063692, 0.01208152,
       0.58504126, 0.89317927, 0.58606109]), array([0.32238604, 0.72556474, 0.38453796, 0.2933897 , 0.59039267,
       0.83197666, 0.66932635, 0.80234209]), array([0.277412  , 0.72283314, 0.22509691, 0.27261349, 0.6671602 ,
       0.89115266, 0.74555376, 0.97495411]), array([0.72745196, 0.16223398, 0.83593367, 0.71646488, 0.05854356,
       0.3154209 , 0.92902994, 0.79403792]), array([0.16601536, 0.98982359, 0.82125629, 0.46511756, 0.28914933,
       0.66729184, 0.42514059, 0.41823325]), array([0.30170046, 0.11654051, 0.02859905, 0.27229419, 0.82377758,
       0.94940109, 0.06258864, 0.90821411]), array([0.77703687, 0.54283135, 0.93621771, 0.50012852, 0.56235905,
       0.59495153, 0.69739489, 0.3985899 ]), array([0.86254565, 0.46078148, 0.25397364, 0.68243348, 0.36347698,
       0.23688554, 0.18974567, 0.56240425]), array([0.46591805, 0.00115843, 0.18766073, 0.36156513, 0.79706675,
       0.67240516, 0.0385633 , 0.00737457]), array([0.20137815, 0.41090929, 0.91578437, 0.5680167 , 0.05860975,
       0.51966416, 0.17262994, 0.09423137]), array([0.26950695, 0.80915694, 0.90175129, 0.39746746, 0.31128817,
       0.60840299, 0.75265314, 0.77698104]), array([0.28794453, 0.95661627, 0.03465061, 0.39999681, 0.89430022,
       0.37962808, 0.20976014, 0.30397579]), array([0.08415958, 0.52538046, 0.17171177, 0.36507259, 0.4549438 ,
       0.88533862, 0.13198255, 0.78869086]), array([0.50544073, 0.37208166, 0.84081319, 0.23287381, 0.29787331,
       0.97907111, 0.37284966, 0.3947007 ]), array([0.17034918, 0.70214002, 0.1605606 , 0.37257401, 0.59969291,
       0.16558174, 0.93739252, 0.36300683]), array([0.51056612, 0.16657823, 0.80571546, 0.43900483, 0.09214917,
       0.70384518, 0.55431975, 0.70870846]), array([0.66550434, 0.5248189 , 0.75738802, 0.88716564, 0.73101416,
       0.29912591, 0.39538247, 0.49284632]), array([0.0566425 , 0.81459285, 0.91459096, 0.80679603, 0.13496152,
       0.852605  , 0.38585409, 0.0904151 ]), array([0.5440105 , 0.80704364, 0.20127062, 0.60531248, 0.01227926,
       0.91109356, 0.56357567, 0.16586668]), array([0.71468059, 0.39021644, 0.87474358, 0.43019267, 0.82652653,
       0.84268302, 0.37743601, 0.21156505]), array([0.45014171, 0.64564709, 0.52967224, 0.85208362, 0.88600571,
       0.92775539, 0.06045593, 0.21128286]), array([0.32222925, 0.73500416, 0.62816755, 0.38323896, 0.63752374,
       0.66104979, 0.77470502, 0.77470377]), array([0.94683271, 0.13570359, 0.70842331, 0.76656717, 0.77298658,
       0.01830189, 0.93345409, 0.37318261]), array([0.96157772, 0.75922076, 0.51400988, 0.024369  , 0.82313037,
       0.52662409, 0.3016079 , 0.88764082]), array([0.35415905, 0.02821076, 0.71579708, 0.41643566, 0.34951844,
       0.52300945, 0.61921045, 0.93976189]), array([0.38013291, 0.86240986, 0.47441926, 0.84499719, 0.82083396,
       0.68942774, 0.67031997, 0.49229672]), array([0.69994388, 0.66228696, 0.12364862, 0.21574343, 0.00259504,
       0.87891677, 0.68545711, 0.91946997]), array([0.69136103, 0.64775388, 0.51068669, 0.85290947, 0.4773551 ,
       0.52994036, 0.45228446, 0.74446753]), array([0.41344749, 0.06100057, 0.94419515, 0.57134156, 0.16953671,
       0.3841417 , 0.98149411, 0.36226414]), array([0.08271213, 0.32732594, 0.65461184, 0.67973107, 0.81354107,
       0.36507604, 0.71700978, 0.20858228]), array([0.60664442, 0.95512615, 0.78673396, 0.71813361, 0.11103559,
       0.78176655, 0.0767467 , 0.19725002]), array([0.56066557, 0.89107026, 0.74260063, 0.8786669 , 0.17784465,
       0.50841887, 0.50236951, 0.05964629]), array([0.83968665, 0.32484203, 0.56830149, 0.95807391, 0.89250035,
       0.10109188, 0.08950277, 0.47043278]), array([0.20901762, 0.80335571, 0.50932987, 0.        , 0.36215695,
       0.52110235, 0.92930391, 0.64653733]), array([0.50352897, 0.14380714, 0.13662375, 0.1888297 , 0.83953881,
       0.51684393, 0.61722906, 0.01242974]), array([2.66677325e-01, 6.36333288e-01, 5.31634632e-01, 2.60958903e-01,
       8.57653967e-01, 3.05205371e-01, 5.92577487e-04, 3.65398790e-01]), array([0.53840496, 0.9433561 , 0.63236785, 0.80133822, 0.39222337,
       0.1919265 , 0.13615812, 0.83251294])]
Mejor valor fitness:  0.5388436482084691 Tasa de clasificación:  0.5798045602605864  Tasa de reduccion:  0.375  Indice:  1  Cromosoma:  [0.07352504 0.80207909 0.97336761 0.35276786 0.09581358 0.01926804
 0.87898317 0.19982498]
Tiempo de ejecucion AGE BLX_alpha:  0.6052117347717285
Probamos en conjunto test: 
Mejor valor fitness:  0.6412337662337662  Tasa de clasificación:  0.7077922077922078  Tasa de reduccion:  0.375
Pasamos a la siguiente vuelta:  0.5440553745928339 [0.02142376 0.07445499 0.06021894 0.8905209  0.13420654 0.20903579
 0.34208602 0.38928142]
Pasamos a la siguiente vuelta:  0.5440553745928339 [0.02142376 0.07445499 0.06021894 0.8905209  0.13420654 0.20903579
 0.34208602 0.38928142]
Pasamos a la siguiente vuelta:  0.5440553745928339 [0.02142376 0.07445499 0.06021894 0.8905209  0.13420654 0.20903579
 0.34208602 0.38928142]
Poblacion:  [array([0.9445383 , 0.00281581, 0.57156376, 0.29959846, 0.12716068,
       0.32130919, 0.39399221, 0.57506288]), array([0.57207721, 0.23609225, 0.04309531, 0.45169106, 0.2546467 ,
       0.41141575, 0.61219679, 0.56777758]), array([0.84956343, 0.67605124, 0.98426539, 0.9648081 , 0.70100032,
       0.64114849, 0.77406727, 0.098371  ]), array([0.02640079, 0.49235323, 0.76562403, 0.66633103, 0.87375045,
       0.38309095, 0.65408461, 0.48141825]), array([0.49516975, 0.50009304, 0.22633884, 0.48032948, 0.88349771,
       0.58039995, 0.08448732, 0.02569211]), array([0.61552466, 0.65748115, 0.98931493, 0.969967  , 0.67647616,
       0.16633153, 0.61116187, 0.71358609]), array([0.02142376, 0.07445499, 0.06021894, 0.8905209 , 0.13420654,
       0.20903579, 0.34208602, 0.38928142]), array([0.8426056 , 0.64326635, 0.1065938 , 0.07111419, 0.32455201,
       0.70792326, 0.70924672, 0.39349582]), array([0.20196167, 0.38758602, 0.62018855, 0.02583377, 0.32502018,
       0.84367174, 0.03253335, 0.38698665]), array([0.45204658, 0.60786646, 0.60571589, 0.18620255, 0.02375214,
       0.93992076, 0.17615257, 0.94231049]), array([0.27386112, 0.18719118, 0.39788289, 0.29363338, 0.8155882 ,
       0.37380804, 0.25994892, 0.9432769 ]), array([0.18907695, 0.09678478, 0.38720817, 0.12065625, 0.79534754,
       0.30494419, 0.12904143, 0.81928019]), array([0.01975537, 0.55400145, 0.62994193, 0.01693219, 0.42931657,
       0.3397806 , 0.41262673, 0.91223109]), array([0.4498752 , 0.91677708, 0.81013838, 0.49353312, 0.08603391,
       0.39843864, 0.74700981, 0.26684284]), array([0.89214771, 0.30855487, 0.00251267, 0.3251458 , 0.86199392,
       0.66184278, 0.17715066, 0.65554983]), array([0.10454029, 0.20244359, 0.9042209 , 0.29523187, 0.31710094,
       0.31174517, 0.36138481, 0.74973488]), array([0.61371097, 0.70506098, 0.50750817, 0.55478931, 0.12295874,
       0.64533448, 0.69098458, 0.78300533]), array([0.27811923, 0.63900396, 0.75854602, 0.40926297, 0.14474323,
       0.51070625, 0.04338867, 0.616736  ]), array([0.86603644, 0.64037813, 0.43425559, 0.96797887, 0.01944354,
       0.28122383, 0.02280991, 0.51736703]), array([0.46965038, 0.89122269, 0.77361054, 0.50092682, 0.09049078,
       0.42823928, 0.74024749, 0.32914429]), array([0.19677899, 0.70249351, 0.49689246, 0.24012258, 0.98629479,
       0.10816533, 0.55261452, 0.22444819]), array([0.20849276, 0.65724202, 0.28875153, 0.14139285, 0.95177897,
       0.01973658, 0.6825185 , 0.59383764]), array([0.74171611, 0.14926468, 0.05068735, 0.12581571, 0.33653591,
       0.61569378, 0.43620837, 0.70214746]), array([0.59189458, 0.02529574, 0.5847247 , 0.51696579, 0.41759766,
       0.42664965, 0.45318882, 0.47079689]), array([0.93251565, 0.37990961, 0.35812264, 0.31471931, 0.35025199,
       0.73507934, 0.88667399, 0.78768701]), array([0.10988952, 0.40389445, 0.83674647, 0.33404296, 0.34264914,
       0.53461137, 0.37558602, 0.21807372]), array([0.52046926, 0.58063771, 0.73753035, 0.77433151, 0.4680814 ,
       0.6617148 , 0.24727027, 0.5924383 ]), array([0.59393579, 0.73061537, 0.54403601, 0.54739561, 0.11850187,
       0.50344259, 0.6977469 , 0.72070388]), array([0.78194882, 0.21945931, 0.76820347, 0.25271849, 0.28374099,
       0.39115582, 0.60556662, 0.73399311]), array([0.04620116, 0.44145388, 0.3979505 , 0.27116137, 0.99472623,
       0.15387224, 0.58488539, 0.82108515]), array([0.49353577, 0.12400143, 0.91238682, 0.36227725, 0.53345807,
       0.20172058, 0.17672502, 0.08386608]), array([0.79185656, 0.06884206, 0.18453476, 0.31538263, 0.65544846,
       0.68288161, 0.4267736 , 0.38735325]), array([0.54915023, 0.03278356, 0.69536223, 0.37626634, 0.42022475,
       0.02576123, 0.4323108 , 0.35373853]), array([0.0851618 , 0.327396  , 0.61293768, 0.77293273, 0.48395155,
       0.3859616 , 0.68255134, 0.81475046]), array([0.79176894, 0.73843561, 0.52203518, 0.71154254, 0.05481545,
       0.44650039, 0.92706934, 0.69858479]), array([0.17499318, 0.45935978, 0.41345623, 0.95358678, 0.73996766,
       0.61726337, 0.85032872, 0.06660345]), array([0.4548093 , 0.04145642, 0.59418601, 0.67322971, 0.62639087,
       0.5023782 , 0.49574487, 0.39584077]), array([0.18370054, 0.41110244, 0.40172579, 0.3231084 , 0.17133017,
       0.47273686, 0.76718891, 0.02392889]), array([0.85574383, 0.21272582, 0.88930353, 0.55896708, 0.2137608 ,
       0.9674841 , 0.77072272, 0.03616205]), array([0.26006682, 0.29433107, 1.        , 0.3450952 , 0.41734079,
       0.40430216, 0.29774241, 0.1655385 ]), array([0.16989982, 0.06393635, 0.60734695, 0.89059703, 0.91682786,
       0.60771866, 0.55494148, 0.29157478]), array([0.56027173, 0.34579055, 0.63052978, 0.57081362, 0.9074247 ,
       0.28919398, 0.68701803, 0.60713734]), array([0.13430499, 0.74226932, 0.89699275, 0.70897285, 0.77785142,
       0.27226549, 0.69279049, 0.45179019]), array([0.13038724, 0.01350993, 0.24205365, 0.63451321, 0.73975599,
       0.95983554, 0.94579113, 0.81754512]), array([0.02940036, 0.0036287 , 0.15750695, 0.93358497, 0.06197481,
       0.90954973, 0.02473111, 0.84841446]), array([0.73111696, 0.42360212, 0.55968804, 0.33563098, 0.13807094,
       0.86215691, 0.38322606, 0.853275  ]), array([0.71300152, 0.19838581, 0.8024508 , 0.24429398, 0.04597543,
       0.61305933, 0.81052541, 0.28239641]), array([0.98995687, 0.96722656, 0.752147  , 0.15746746, 0.0195671 ,
       0.98013705, 0.12606905, 0.87056945]), array([0.60824459, 0.78487706, 0.81732038, 0.55381639, 0.74275573,
       0.4464135 , 0.1087615 , 0.73642224]), array([0.34335847, 0.2335648 , 0.8827776 , 0.35122501, 0.45876643,
       0.33202979, 0.25456863, 0.13640131])]
Mejor valor fitness:  0.5440553745928339 Tasa de clasificación:  0.5863192182410424  Tasa de reduccion:  0.375  Indice:  6  Cromosoma:  [0.02142376 0.07445499 0.06021894 0.8905209  0.13420654 0.20903579
 0.34208602 0.38928142]
Tiempo de ejecucion AGG BLX_alpha:  0.5308237075805664
Probamos en conjunto test: 
Mejor valor fitness:  0.5892857142857143  Tasa de clasificación:  0.6428571428571429  Tasa de reduccion:  0.375
Launching partition  1
Test size:  154
Train size:  614
Test set size:  154
Train set size:  614
Pasamos a la siguiente vuelta:  0.5464169381107493 [0.87094401 0.77464167 0.22362733 0.04418437 0.62657096 0.89907476
 0.05031169 0.51192351]
Pasamos a la siguiente vuelta:  0.5464169381107493 [0.87094401 0.77464167 0.22362733 0.04418437 0.62657096 0.89907476
 0.05031169 0.51192351]
Pasamos a la siguiente vuelta:  0.5464169381107493 [0.87094401 0.77464167 0.22362733 0.04418437 0.62657096 0.89907476
 0.05031169 0.51192351]
Poblacion:  [array([0.16641408, 0.79628371, 0.89756612, 0.07999973, 0.38162843,
       0.09501552, 0.31898934, 0.9126613 ]), array([0.37706622, 0.58920612, 0.75270146, 0.53791411, 0.67000151,
       0.8980099 , 0.11159025, 0.95891043]), array([0.07834453, 0.57144504, 0.56611217, 0.05195011, 0.78626322,
       0.36884155, 0.43677521, 0.94774695]), array([0.74568971, 0.99536483, 0.68720178, 0.86518418, 0.94275965,
       0.15420376, 0.39307865, 0.64030494]), array([0.23907436, 0.48557278, 0.64401675, 0.31278809, 0.83340972,
       0.08489801, 0.30582464, 0.75114368]), array([0.63476264, 0.84892566, 0.10044456, 0.60593511, 0.22492825,
       0.45002567, 0.45298749, 0.32805718]), array([0.74603302, 0.07337226, 0.50136547, 0.86197575, 0.95605675,
       0.7227076 , 0.42114313, 0.00896921]), array([0.77809075, 0.23100729, 0.95839123, 0.49268654, 0.68552304,
       0.50841301, 0.5380744 , 0.76786651]), array([0.32464868, 0.19428714, 0.697293  , 0.53184268, 0.6685001 ,
       0.84334603, 0.09440337, 0.95561432]), array([0.29263519, 0.62520862, 0.24577467, 0.3590165 , 0.20270667,
       0.97200835, 0.73817735, 0.78707101]), array([0.5264434 , 0.87615315, 0.43245524, 0.50033556, 0.97658571,
       0.77984373, 0.45748254, 0.18037199]), array([0.88801304, 0.49398554, 0.29185772, 0.64605139, 0.86337091,
       0.14742255, 0.99707257, 0.64873785]), array([0.42902275, 0.59023864, 0.81559377, 0.36054473, 0.42423364,
       0.52710244, 0.49621089, 0.66666126]), array([0.05490487, 0.21012007, 0.02995902, 0.54681215, 0.51427255,
       0.71703252, 0.84939591, 0.06347853]), array([0.34633152, 0.69821822, 0.58760027, 0.08409103, 0.54802811,
       0.47050245, 0.39889154, 0.93551162]), array([0.0818151 , 0.13791588, 0.85843517, 0.28475308, 0.74695856,
       0.        , 0.97592976, 0.73445673]), array([0.79564605, 0.1829165 , 0.63472968, 0.98086059, 0.95016013,
       0.97830525, 0.79953296, 0.45742748]), array([0.09843059, 0.81311773, 0.06059151, 0.19391005, 0.67507495,
       0.2389182 , 0.75007265, 0.5762815 ]), array([0.60001631, 0.58609035, 0.97812605, 0.94003482, 0.58814388,
       0.02110114, 0.78394474, 0.73390101]), array([0.66075099, 0.85254599, 0.06399614, 0.55766902, 0.23836324,
       0.65395492, 0.960468  , 0.97763492]), array([0.45136107, 0.78650576, 0.34483904, 0.60030778, 0.8844209 ,
       0.25508408, 0.66734514, 0.03197695]), array([0.31259317, 0.13907315, 0.17887186, 0.8905231 , 0.79152796,
       0.50939249, 0.52970691, 0.10034617]), array([0.01683188, 0.68292271, 0.88341034, 0.90680903, 0.08501168,
       0.45106093, 0.81955462, 0.05299002]), array([0.87094401, 0.77464167, 0.22362733, 0.04418437, 0.62657096,
       0.89907476, 0.05031169, 0.51192351]), array([0.3435657 , 0.85369009, 0.68413753, 0.54349694, 0.66768128,
       0.89909085, 0.08032148, 0.95750828]), array([0.52976284, 0.1709511 , 0.6021148 , 0.81975421, 0.94300787,
       0.84244725, 0.11369315, 0.87194047]), array([0.00252145, 0.24385184, 0.82639454, 0.50378673, 0.83916173,
       0.87981001, 0.60224615, 0.43955663]), array([0.55599176, 0.18080326, 0.44715924, 0.43627469, 0.8806934 ,
       0.76020081, 0.22797188, 0.96380623]), array([0.18699075, 0.3147059 , 0.159375  , 0.44578696, 0.00713989,
       0.9051739 , 0.7455491 , 0.17734981]), array([0.12124533, 0.94527759, 0.77402125, 0.57253495, 0.71350386,
       0.37220646, 0.4774594 , 0.55491617]), array([0.3079037 , 0.94339834, 0.8795483 , 0.37280106, 0.64199969,
       0.22093413, 0.40117314, 0.34452587]), array([0.79616441, 0.97445166, 0.65778848, 0.01894575, 0.04738026,
       0.85360592, 0.62670453, 0.45723336]), array([0.98952029, 0.04223837, 0.34369053, 0.6811248 , 0.4025226 ,
       0.40168819, 0.23752599, 0.12645075]), array([0.29910552, 0.32042978, 0.34343778, 0.21722084, 0.2279254 ,
       0.3717172 , 0.73573095, 0.54494386]), array([0.06405458, 0.23742329, 0.40736456, 0.21333531, 0.66047479,
       0.62086735, 0.23438594, 0.27520448]), array([0.03884062, 0.18916502, 0.04403382, 0.2555876 , 0.44311824,
       0.6665445 , 0.21346096, 0.96783747]), array([0.72430363, 0.37617865, 0.1413667 , 0.00924673, 0.58671114,
       0.47010125, 0.27979359, 0.81058318]), array([0.2569218 , 0.59707108, 0.2159151 , 0.56883203, 0.88608781,
       0.59896785, 0.2793681 , 0.84378155]), array([0.73243421, 0.0612084 , 0.32737155, 0.71229802, 0.20763999,
       0.40907564, 0.28655631, 0.9049681 ]), array([0.5779354 , 0.38556716, 0.28586412, 0.08933778, 0.80266253,
       0.65058722, 0.0808466 , 0.57401943]), array([0.06457598, 0.39725266, 0.58533989, 0.32150607, 0.67281914,
       0.04587267, 0.48987723, 0.33609004]), array([0.50362155, 0.5433708 , 0.01923413, 0.21716717, 0.21671509,
       0.22691601, 0.10722711, 0.63148209]), array([0.80691154, 0.33654912, 0.40538772, 0.13837996, 0.96092887,
       0.17445146, 0.12186583, 0.69201329]), array([0.92090723, 0.97557279, 0.99788954, 0.50635869, 0.01336669,
       0.5776469 , 0.04096791, 0.16284064]), array([0.45501588, 0.22556921, 0.14892781, 0.93761951, 0.12416345,
       0.27896651, 0.81203164, 0.9540171 ]), array([0.03172383, 0.24623894, 0.48299414, 0.67147342, 0.64624793,
       0.55573284, 0.21870927, 0.63513855]), array([0.03689662, 0.37500194, 0.40603206, 0.01422383, 0.97878482,
       0.27809625, 0.82477405, 0.03295438]), array([0.16129511, 0.59050425, 0.57309359, 0.60172814, 0.2220222 ,
       0.76687137, 0.5693837 , 0.12359135]), array([0.8981053 , 0.12913421, 0.14968235, 0.0514135 , 0.30394367,
       0.60186242, 0.47713105, 0.75408618]), array([0.42975298, 0.75452497, 0.78251238, 0.55781495, 0.69551444,
       0.38874509, 0.01611474, 0.88918091])]
Mejor valor fitness:  0.5464169381107493 Tasa de clasificación:  0.6205211726384365  Tasa de reduccion:  0.25  Indice:  23  Cromosoma:  [0.87094401 0.77464167 0.22362733 0.04418437 0.62657096 0.89907476
 0.05031169 0.51192351]
Tiempo de ejecucion AGE BLX_alpha:  0.6057801246643066
Probamos en conjunto test: 
Mejor valor fitness:  0.6006493506493507  Tasa de clasificación:  0.6883116883116883  Tasa de reduccion:  0.25
Pasamos a la siguiente vuelta:  0.5318403908794789 [0.64825378 0.86785944 0.56424272 0.07267259 0.90035472 0.79803387
 0.31556531 0.4114603 ]
Pasamos a la siguiente vuelta:  0.5318403908794789 [0.64825378 0.86785944 0.56424272 0.07267259 0.90035472 0.79803387
 0.31556531 0.4114603 ]
Pasamos a la siguiente vuelta:  0.5318403908794789 [0.64825378 0.86785944 0.56424272 0.07267259 0.90035472 0.79803387
 0.31556531 0.4114603 ]
Poblacion:  [array([0.88068385, 0.24507106, 0.08859491, 0.89138207, 0.29938276,
       0.5129557 , 0.28643675, 0.04035701]), array([0.07086368, 0.66126999, 0.33064689, 0.41154138, 0.13601049,
       0.9356652 , 0.34027175, 0.12312944]), array([0.62973038, 0.22150216, 0.80845333, 0.83932477, 0.3312501 ,
       0.30884559, 0.80617661, 0.14379289]), array([0.83352652, 0.69635709, 0.98609676, 0.43076588, 0.8774508 ,
       0.5643308 , 0.55777967, 0.54005947]), array([0.24197271, 0.04758041, 0.65059913, 0.54886505, 0.69337439,
       0.80295218, 0.52069183, 0.24111339]), array([0.24657126, 0.45574715, 0.95946316, 0.84957008, 0.30522854,
       0.64251505, 0.08244884, 0.17387072]), array([0.92839059, 0.65588729, 0.60175157, 0.65617753, 0.2998418 ,
       0.20260709, 0.46710373, 0.01842755]), array([0.20145659, 0.48437656, 0.76025645, 0.81521557, 0.48640508,
       0.5169425 , 0.29670611, 0.49955451]), array([0.22009798, 0.88927078, 0.70212141, 0.90106185, 0.70031136,
       0.20284886, 0.55808662, 0.0934849 ]), array([0.6286289 , 0.57499522, 0.63974591, 0.71790738, 0.58862234,
       0.25044151, 0.69219614, 0.61809142]), array([0.98614073, 0.4962607 , 0.69297014, 0.52261826, 0.35941737,
       0.57252397, 0.83463804, 0.29787671]), array([0.57936887, 0.61490596, 0.77917339, 0.93184604, 0.88414111,
       0.17859909, 0.51521663, 0.34058718]), array([0.55489551, 0.73729998, 0.70845725, 0.76221962, 0.6043914 ,
       0.46272178, 0.48855551, 0.79766084]), array([0.94993218, 0.66147667, 0.61827168, 0.26944148, 0.500578  ,
       0.0840611 , 0.01952288, 0.70919479]), array([0.48916925, 0.8017249 , 0.61930559, 0.11513061, 0.95418732,
       0.00142097, 0.81365193, 0.61627857]), array([0.91502818, 0.21292962, 0.6724335 , 0.44273535, 0.7431002 ,
       0.3565819 , 0.26072994, 0.11482846]), array([0.17534492, 0.38832856, 0.76445554, 0.74700337, 0.81733739,
       0.48803992, 0.77353246, 0.07699927]), array([0.06716666, 0.61721818, 0.11075253, 0.05764172, 0.53648977,
       0.85776156, 0.8869872 , 0.28918647]), array([0.10107452, 0.95355702, 0.90271042, 0.60894386, 0.0327177 ,
       0.70547082, 0.33287744, 0.7757204 ]), array([0.21780851, 0.39177645, 0.45203683, 0.85935558, 0.63669965,
       0.74665103, 0.29313833, 0.03569202]), array([0.64825378, 0.86785944, 0.56424272, 0.07267259, 0.90035472,
       0.79803387, 0.31556531, 0.4114603 ]), array([0.19044109, 0.17070071, 0.66306183, 0.46194934, 0.85430071,
       0.50872688, 0.70777948, 0.20506509]), array([0.02948822, 0.04975489, 0.48245785, 0.29159944, 1.        ,
       0.72514632, 0.02069527, 0.65096427]), array([0.16641506, 0.05535436, 0.51903062, 0.06583316, 0.41186393,
       0.86649212, 0.84112571, 0.31873299]), array([0.78472244, 0.47051623, 0.88150101, 0.28930049, 0.43243553,
       0.0638821 , 0.35251087, 0.77611367]), array([0.3228193 , 0.19624203, 0.53770059, 0.25417754, 0.59317898,
       0.89243548, 0.5620146 , 0.23867659]), array([0.4028506 , 0.16812575, 0.30321955, 0.44468482, 0.32521305,
       0.4548475 , 0.07192617, 0.23234014]), array([0.02809408, 0.03215334, 0.47427344, 0.28541916, 0.33387005,
       0.7255295 , 0.01461552, 0.64853465]), array([0.99055351, 0.25682357, 0.15048238, 0.94524036, 0.66754813,
       0.49224534, 0.54558758, 0.27075834]), array([0.69738728, 0.95286287, 0.69190223, 0.20173712, 0.91449596,
       0.09351881, 0.58192727, 0.29751368]), array([0.95820246, 0.4882331 , 0.68833257, 0.78228748, 0.92975981,
       0.22151883, 0.08411207, 0.70058109]), array([0.89988039, 0.69119267, 0.50606056, 0.74183362, 0.25165969,
       0.80285775, 0.63895936, 0.6944429 ]), array([0.79434872, 0.36388886, 0.24318836, 0.04916069, 0.80969667,
       0.15192257, 0.19778557, 0.4010007 ]), array([0.32051642, 0.74001823, 0.30680561, 0.19452094, 0.41174524,
       0.23497216, 0.18471479, 0.21978104]), array([0.09968037, 0.93595548, 0.89452601, 0.60276358, 0.0384706 ,
       0.705854  , 0.32679769, 0.77329077]), array([0.32199933, 0.38986012, 0.45548765, 0.23293609, 0.52857731,
       0.76486764, 0.42767245, 0.2319486 ]), array([0.57032867, 0.21191076, 0.75984944, 0.01426397, 0.44038932,
       0.35848413, 0.67016054, 0.46477828]), array([0.50397557, 0.43804719, 0.72651468, 0.60475187, 0.20782067,
       0.1266312 , 0.00370765, 0.17934595]), array([0.58749338, 0.67859713, 0.48933045, 0.08546465, 0.23410772,
       0.17014694, 0.85364777, 0.51664758]), array([0.46129336, 0.75481904, 0.69710102, 0.55506667, 0.66980588,
       0.13496473, 0.70360373, 0.33609987]), array([0.70601316, 0.90533685, 0.04950944, 0.66797081, 0.46901906,
       0.20020339, 0.28715995, 0.43246623]), array([0.31969645, 0.93363631, 0.22459266, 0.17327948, 0.34714356,
       0.40659351, 0.05037263, 0.21305305]), array([0.26985727, 0.86900251, 0.37492137, 0.30636522, 0.56553659,
       0.66786117, 0.50462344, 0.72534063]), array([0.33556976, 0.1406861 , 0.82996611, 0.3348938 , 0.39089774,
       0.62649414, 0.95792011, 0.69359442]), array([0.98322783, 0.85738868, 0.52914072, 0.37668504, 0.81729387,
       0.99986966, 0.12141966, 0.95572722]), array([0.88745568, 0.9690676 , 0.7075799 , 0.22668812, 0.88896535,
       0.02122312, 0.90102372, 0.64296368]), array([0.50029241, 0.82717762, 0.37936202, 0.28500408, 0.33270066,
       0.62016595, 0.21952332, 0.19096097]), array([0.75598205, 0.78176005, 0.2493591 , 0.06369288, 0.60421391,
       0.35829612, 0.64887202, 0.86865067]), array([0.86817384, 0.69551327, 0.67961605, 0.4118207 , 0.13028306,
       0.83806497, 0.59529045, 0.10332649]), array([0.48636421, 0.8881537 , 0.77232083, 0.8034055 , 0.61904791,
       0.66002509, 0.29928227, 0.52477429])]
Mejor valor fitness:  0.5318403908794789 Tasa de clasificación:  0.6335504885993485  Tasa de reduccion:  0.125  Indice:  20  Cromosoma:  [0.64825378 0.86785944 0.56424272 0.07267259 0.90035472 0.79803387
 0.31556531 0.4114603 ]
Tiempo de ejecucion AGG BLX_alpha:  0.5501377582550049
Probamos en conjunto test: 
Mejor valor fitness:  0.55487012987013  Tasa de clasificación:  0.6623376623376623  Tasa de reduccion:  0.125
Launching partition  2
Test size:  154
Train size:  614
Test set size:  154
Train set size:  614
Pasamos a la siguiente vuelta:  0.6042345276872964 [0.08760839 0.90371227 0.49393986 0.03647487 0.75762818 0.02283111
 0.62696581 0.05693702]
Pasamos a la siguiente vuelta:  0.6042345276872964 [0.08760839 0.90371227 0.49393986 0.03647487 0.75762818 0.02283111
 0.62696581 0.05693702]
Pasamos a la siguiente vuelta:  0.6042345276872964 [0.08760839 0.90371227 0.49393986 0.03647487 0.75762818 0.02283111
 0.62696581 0.05693702]
Poblacion:  [array([0.01085797, 0.79053666, 0.0225444 , 0.29455361, 0.4673148 ,
       0.03871227, 0.37089075, 0.89123825]), array([0.81355592, 0.65533655, 0.88369968, 0.34214804, 0.75348297,
       0.95699039, 0.87059663, 0.38686713]), array([0.28668507, 0.45856719, 0.38310902, 0.4486324 , 0.14535698,
       0.91307867, 0.65725672, 0.32156052]), array([0.37437221, 0.12906565, 0.08683077, 0.20812889, 0.93803293,
       0.2815284 , 0.38755644, 0.7739841 ]), array([0.34972088, 0.09479207, 0.61427537, 0.64276384, 0.15935374,
       0.25144417, 0.4626376 , 0.49257975]), array([0.40015751, 0.28578877, 0.92396852, 0.5577761 , 0.86705761,
       0.1175237 , 0.7117795 , 0.28731607]), array([0.63875147, 0.92630179, 0.84263646, 0.43541077, 0.06138723,
       0.2034269 , 0.78140706, 0.59577291]), array([0.80943868, 0.779861  , 0.67693156, 0.86230365, 0.54752494,
       0.42952192, 0.54766904, 0.11807767]), array([0.5566382 , 0.46954555, 0.52988417, 0.34457456, 0.33129285,
       0.64567689, 0.62971785, 0.88553157]), array([0.08760839, 0.90371227, 0.49393986, 0.03647487, 0.75762818,
       0.02283111, 0.62696581, 0.05693702]), array([0.15836415, 0.36254993, 0.32648191, 0.33821311, 0.39988595,
       0.57071825, 0.63564601, 0.80816782]), array([0.98864335, 0.81063625, 0.5520485 , 0.03354267, 0.95620512,
       0.66314751, 0.02206893, 0.79310676]), array([0.22081464, 0.42808927, 0.41844548, 0.29151927, 0.17831827,
       0.25459998, 0.24605153, 0.823349  ]), array([0.82442248, 0.23234454, 0.09681267, 0.01216692, 0.48221578,
       0.9946557 , 0.42418878, 0.91203847]), array([0.45857188, 0.69457419, 0.81499346, 0.10238894, 0.91219049,
       0.907421  , 0.61447465, 0.87226811]), array([0.53670226, 0.73740503, 0.2728448 , 0.42400634, 0.47048704,
       0.45554574, 0.59486153, 0.9154388 ]), array([0.24547651, 0.77195481, 0.37170497, 0.04637742, 0.62803748,
       0.19183919, 0.44004509, 0.71003191]), array([0.43546402, 0.94569423, 0.75468777, 0.08209106, 0.93746229,
       0.52621014, 0.36262337, 0.26955557]), array([0.58753398, 0.14529032, 0.50829448, 0.15723872, 0.03214186,
       0.99191567, 0.56521669, 0.28931444]), array([0.        , 0.7514457 , 0.34295318, 0.42578209, 0.46972042,
       0.21866017, 0.3470642 , 0.89489796]), array([0.29551979, 0.42347557, 0.49727228, 0.37425756, 0.34426759,
       0.1318994 , 0.66927552, 0.84500513]), array([0.48453507, 0.60705332, 0.0600809 , 0.86860197, 0.61967899,
       0.96251058, 0.67244842, 0.35387359]), array([0.54718666, 0.18603647, 0.96720164, 0.01082458, 0.1609806 ,
       0.91562761, 0.61445557, 0.56053655]), array([0.82718873, 0.40136198, 0.53495975, 0.48456851, 0.26190291,
       0.34224986, 0.94956064, 0.79836069]), array([0.45535711, 0.53116032, 0.20952239, 0.43233014, 0.54820548,
       0.1262967 , 0.93386822, 0.73509411]), array([0.45311955, 0.78784749, 0.04957022, 0.04853481, 0.71286967,
       0.91074724, 0.31365032, 0.55976403]), array([0.97902405, 0.65203557, 0.04977059, 0.67203679, 0.83376504,
       0.54374732, 0.58707416, 0.58723639]), array([0.87758229, 0.19960617, 0.91602467, 0.92888056, 0.98441352,
       0.53994169, 0.32213979, 0.78776516]), array([0.00962831, 0.49214428, 0.78179845, 0.40974536, 0.10547538,
       0.3634078 , 0.2363841 , 0.9337411 ]), array([0.87134164, 0.7114259 , 0.37432456, 0.05597463, 0.04776995,
       0.4606157 , 0.82652009, 0.89856023]), array([0.88131888, 0.85449436, 0.70851444, 0.54708508, 0.1372066 ,
       0.12676533, 0.77583175, 0.18247833]), array([0.6066316 , 0.69693967, 0.60263338, 0.69024315, 0.98877413,
       0.07236556, 0.61120731, 0.02428211]), array([0.0924456 , 0.40954746, 0.46062697, 0.21607483, 0.10933427,
       0.18408934, 0.30325343, 0.4358456 ]), array([0.00674305, 0.11461363, 0.54266273, 0.22270859, 0.09561328,
       0.90004849, 0.3209983 , 0.18453067]), array([0.81748693, 0.31600347, 0.61974972, 0.75693766, 0.16996742,
       0.3892684 , 0.29987581, 0.9165674 ]), array([0.18502409, 0.23733661, 0.22184936, 0.37409395, 0.08808516,
       0.29988207, 0.67462862, 0.81562836]), array([0.94957599, 0.57516951, 0.31835674, 0.1987335 , 0.48457999,
       0.2663476 , 0.12703683, 0.40816735]), array([0.52605363, 0.68865746, 0.29648115, 0.12174242, 0.93587546,
       0.23341668, 0.20227774, 0.63810949]), array([0.4907868 , 0.74542543, 0.32784777, 0.39534623, 0.03483328,
       0.32496091, 0.34157526, 0.9075105 ]), array([0.10198328, 0.22707965, 0.60310102, 0.24663925, 0.4694299 ,
       0.67570464, 0.31646631, 0.68305319]), array([0.55036   , 0.24125424, 0.41149161, 0.47255605, 0.91662523,
       0.60125046, 0.55179841, 0.33343272]), array([0.78178423, 0.4442127 , 0.68609874, 0.79511787, 0.39014796,
       0.11736765, 0.2850236 , 0.81270628]), array([0.41490512, 0.18452463, 0.84511448, 0.0669274 , 0.43970911,
       0.62566008, 0.00548024, 0.05384666]), array([0.14394631, 0.36867727, 0.87687565, 0.17289447, 0.42025824,
       0.27115417, 0.75081662, 0.36237356]), array([0.13008881, 0.73407645, 0.82035155, 0.02232581, 0.13686552,
       0.08920643, 0.62535281, 0.33444689]), array([0.8594452 , 0.63188842, 0.60790328, 0.23239109, 0.28199426,
       0.05908294, 0.97113508, 0.39517316]), array([0.91124441, 0.53982629, 0.90173518, 0.61418466, 0.09362294,
       0.49117768, 0.19348742, 0.26844197]), array([0.34319209, 0.6510338 , 0.08553511, 0.46160759, 0.17701759,
       0.26592032, 0.14847476, 0.58669001]), array([0.73202716, 0.9558304 , 0.26139898, 0.20886197, 0.74724407,
       0.79083681, 0.0573861 , 0.45580079]), array([0.73975122, 0.24977245, 0.70854587, 0.55155834, 0.60788893,
       0.97459716, 0.64000252, 0.33017613])]
Mejor valor fitness:  0.6042345276872964 Tasa de clasificación:  0.6302931596091205  Tasa de reduccion:  0.5  Indice:  9  Cromosoma:  [0.08760839 0.90371227 0.49393986 0.03647487 0.75762818 0.02283111
 0.62696581 0.05693702]
Tiempo de ejecucion AGE BLX_alpha:  0.5670034885406494
Probamos en conjunto test: 
Mejor valor fitness:  0.6246753246753247  Tasa de clasificación:  0.6558441558441559  Tasa de reduccion:  0.5
Pasamos a la siguiente vuelta:  0.5711726384364821 [0.09137301 0.15275089 0.45459169 0.50401286 0.09882579 0.62591687
 0.33184354 0.83374524]
Pasamos a la siguiente vuelta:  0.5711726384364821 [0.09137301 0.15275089 0.45459169 0.50401286 0.09882579 0.62591687
 0.33184354 0.83374524]
Pasamos a la siguiente vuelta:  0.5711726384364821 [0.09137301 0.15275089 0.45459169 0.50401286 0.09882579 0.62591687
 0.33184354 0.83374524]
Poblacion:  [array([0.2303913 , 0.68628599, 0.36529032, 0.06930006, 0.67971054,
       0.45202033, 0.76607476, 0.43207154]), array([0.24980384, 0.53701326, 0.60561117, 0.97678364, 0.62573173,
       0.09670197, 0.95232776, 0.34897633]), array([0.96973405, 0.48688891, 0.88988529, 0.24073067, 0.41755479,
       0.28609821, 0.08470677, 0.01894154]), array([0.98152487, 0.02502109, 0.48058574, 0.6759894 , 0.93441695,
       0.82344079, 0.20659063, 0.05427509]), array([0.63738008, 0.78819864, 0.40957749, 0.91370028, 0.71652362,
       0.86700823, 0.43135429, 0.92657706]), array([0.01414734, 0.11757035, 0.32392888, 0.43171503, 0.07917077,
       0.29133203, 0.15486996, 0.90629182]), array([0.57098087, 0.30676489, 0.5422975 , 0.21303655, 0.07146038,
       0.95143676, 0.32388046, 0.5023652 ]), array([0.58063124, 0.7568791 , 0.64363354, 0.3188471 , 0.94184998,
       0.84869057, 0.83414886, 0.64339653]), array([0.14627882, 0.57304613, 0.00337043, 0.12861417, 0.63749706,
       0.49718563, 0.66977301, 0.67782613]), array([0.14293527, 0.1853107 , 0.56669495, 0.0322796 , 0.05036562,
       0.55796085, 0.5080542 , 0.79636112]), array([0.31180421, 0.41665189, 0.98972665, 0.64865344, 0.64152767,
       0.4396591 , 0.0296802 , 0.1608865 ]), array([0.47772639, 0.05379921, 0.88067078, 0.73637711, 0.83511108,
       0.31948808, 0.97206679, 0.69967722]), array([0.47122791, 0.06296179, 0.3512024 , 0.58613671, 0.22941301,
       0.53719778, 0.16473561, 0.67696601]), array([0.32470828, 0.32535755, 0.46439209, 0.76613734, 0.35963119,
       0.55837614, 0.32468757, 0.44095623]), array([0.31567417, 0.50465621, 0.70021091, 0.26076791, 0.06253231,
       0.099106  , 0.85305369, 0.36778388]), array([0.14205971, 0.19504317, 0.13735029, 0.65811441, 0.02523907,
       0.33283938, 0.14385309, 0.88011132]), array([0.7398235 , 0.41477134, 0.47630857, 0.51687148, 0.20655306,
       0.89986948, 0.59454068, 0.44071361]), array([0.92874011, 0.03173003, 0.63610638, 0.54877254, 0.31324443,
       0.93841296, 0.89272038, 0.26830701]), array([0.45687276, 0.58285535, 0.28648789, 0.23045842, 0.39601624,
       0.29703891, 0.54526944, 0.24807667]), array([0.75728057, 0.09808328, 0.22180143, 0.25091514, 0.89208133,
       0.08134962, 0.43835223, 0.3166738 ]), array([0.68281626, 0.15217385, 0.00223194, 0.39622131, 0.38079959,
       0.33507418, 0.43986772, 0.56132601]), array([0.86401365, 0.08071853, 0.16385023, 0.45304256, 0.75813658,
       0.27398336, 0.28278269, 0.67827556]), array([0.87898941, 0.05258309, 0.56894304, 0.43120854, 0.38863694,
       0.85964856, 0.97226745, 0.97459549]), array([0.23548384, 0.21742634, 0.83031199, 0.51161935, 0.53273188,
       0.06367908, 0.91586714, 0.68091399]), array([0.09775691, 0.60058768, 0.51798123, 0.86281209, 0.86210685,
       0.92058156, 0.9128089 , 0.32509926]), array([0.39708835, 0.18513664, 0.40937651, 0.46104864, 0.54772183,
       0.1959109 , 0.44517657, 0.50583148]), array([0.55008983, 0.24092238, 0.24281169, 0.5113038 , 0.44812788,
       0.0013963 , 0.12081188, 0.20278331]), array([0.68317096, 0.24943921, 0.24688332, 0.30158859, 0.09980015,
       0.17939576, 0.43008435, 0.47200847]), array([0.57951996, 0.69090339, 0.69312271, 0.99603525, 0.93911837,
       0.37338502, 0.25088965, 0.1475201 ]), array([0.22361312, 0.30665307, 0.44368948, 0.60323705, 0.24842904,
       0.68430796, 0.35594453, 1.        ]), array([0.92365773, 0.58781995, 0.4448738 , 0.58440632, 0.15506982,
       0.58886832, 0.72354416, 0.0158618 ]), array([0.2130768 , 0.10976682, 0.6223509 , 0.67216164, 0.61636071,
       0.55681134, 0.37509455, 0.53032962]), array([0.18483846, 0.35675243, 0.87953247, 0.71820577, 0.21626351,
       0.61500341, 0.25720916, 0.14684422]), array([0.21336882, 0.54262204, 0.7054645 , 0.60925579, 0.93142483,
       0.40591503, 0.46804821, 0.84234281]), array([0.01541875, 0.14560393, 0.82996064, 0.73802817, 0.47055544,
       0.57182881, 0.53615967, 0.41805482]), array([0.66888596, 0.02712468, 0.14359265, 0.52027017, 0.1248435 ,
       0.52218031, 0.00367049, 0.78924081]), array([0.76490273, 0.71866628, 0.33169906, 0.71093323, 0.99135818,
       0.562617  , 0.01423156, 0.72496998]), array([0.66283564, 0.9565968 , 0.17997398, 0.14616325, 0.8446433 ,
       0.26761293, 0.14261077, 0.99087219]), array([0.50356073, 0.08207879, 0.40940356, 0.3279978 , 0.10387777,
       0.27231685, 0.15991696, 0.91828553]), array([0.43175735, 0.62836217, 0.25621735, 0.23722108, 0.7740277 ,
       0.71066002, 0.10219467, 0.73565908]), array([0.46889426, 0.29111334, 0.20907578, 0.62125988, 0.18251803,
       0.96298118, 0.13074136, 0.78902072]), array([0.61755851, 0.01129821, 0.34873976, 0.68813557, 0.91864418,
       0.78675032, 0.9930498 , 0.10957747]), array([0.373     , 0.45102105, 0.53761063, 0.97862662, 0.69622029,
       0.21680088, 0.83817401, 0.81792191]), array([0.50513997, 0.63429645, 0.4204797 , 0.81447609, 0.56692038,
       0.80861714, 0.4072533 , 0.90409367]), array([0.09137301, 0.15275089, 0.45459169, 0.50401286, 0.09882579,
       0.62591687, 0.33184354, 0.83374524]), array([0.22826297, 0.52560751, 0.81811607, 0.5518654 , 0.20716169,
       0.7389558 , 0.51049155, 0.07242168]), array([0.98853508, 0.53030778, 0.07940932, 0.28890606, 0.2313168 ,
       0.13328282, 0.11566197, 0.92723145]), array([0.36570332, 0.32005885, 0.99556953, 0.11002504, 0.58453033,
       0.0980791 , 0.73483201, 0.71265565]), array([0.59399029, 0.67808079, 0.93120881, 0.63322251, 0.46755977,
       0.94365893, 0.26210496, 0.34390779]), array([0.63027846, 0.84766433, 0.94535015, 0.15668252, 0.45431221,
       0.10434526, 0.98231421, 0.98992746])]
Mejor valor fitness:  0.5711726384364821 Tasa de clasificación:  0.6514657980456026  Tasa de reduccion:  0.25  Indice:  44  Cromosoma:  [0.09137301 0.15275089 0.45459169 0.50401286 0.09882579 0.62591687
 0.33184354 0.83374524]
Tiempo de ejecucion AGG BLX_alpha:  0.6117157936096191
Probamos en conjunto test: 
Mejor valor fitness:  0.5538961038961039  Tasa de clasificación:  0.6298701298701299  Tasa de reduccion:  0.25
Launching partition  3
Test size:  154
Train size:  614
Test set size:  154
Train set size:  614
Pasamos a la siguiente vuelta:  0.6050488599348534 [0.99868441 0.83458373 0.73941553 0.95546649 0.45823838 0.00432073
 0.91775634 0.07955335]
Pasamos a la siguiente vuelta:  0.6050488599348534 [0.99868441 0.83458373 0.73941553 0.95546649 0.45823838 0.00432073
 0.91775634 0.07955335]
Pasamos a la siguiente vuelta:  0.6050488599348534 [0.99868441 0.83458373 0.73941553 0.95546649 0.45823838 0.00432073
 0.91775634 0.07955335]
Poblacion:  [array([0.28988109, 0.01658182, 0.63256854, 0.65655819, 0.69839385,
       0.51073642, 0.39070575, 0.39875292]), array([0.83587705, 0.29314862, 0.75942451, 0.71725762, 0.22875086,
       0.61594017, 0.17419525, 0.90864184]), array([0.93847719, 0.19089574, 0.36468463, 0.14785773, 0.79091792,
       0.17018755, 0.42267962, 0.98956988]), array([0.25999303, 0.33597668, 0.8351492 , 0.91843669, 0.51130416,
       0.85035405, 0.52426591, 0.37331344]), array([0.49527427, 0.86198269, 0.5147589 , 0.71144197, 0.66001161,
       0.90011803, 0.26178208, 0.36410485]), array([0.1964348 , 0.95216448, 0.49442013, 0.37990673, 0.29131492,
       0.91335083, 0.81246081, 0.35394859]), array([0.49248195, 0.43156966, 0.08595887, 0.96537335, 0.92768358,
       0.68283004, 0.06735035, 0.15098637]), array([0.51091239, 0.00458095, 0.25280263, 0.12567076, 0.02255098,
       0.69445034, 0.07763845, 0.3016389 ]), array([0.55201371, 0.89002401, 0.51344059, 0.59033223, 0.77727887,
       0.29678948, 0.502761  , 0.52300203]), array([0.89892906, 0.01298014, 0.67581156, 0.57029304, 0.27160903,
       0.68975519, 0.07225845, 0.70025951]), array([0.18350317, 0.84669824, 0.64735029, 0.97080241, 0.16259603,
       0.69663105, 0.36344285, 0.90888261]), array([0.2108716 , 0.42094093, 0.44524432, 0.61431605, 0.38887128,
       0.72429309, 0.05769632, 0.17926109]), array([0.34424789, 0.35663151, 0.026059  , 0.33382457, 0.08342599,
       0.34839824, 0.4210506 , 0.08298677]), array([0.05348848, 0.35256856, 0.3957304 , 0.1128648 , 0.77234155,
       0.25151523, 0.56264592, 0.89929681]), array([0.05587247, 0.06152601, 0.99545641, 0.52671743, 0.24651948,
       0.81894435, 0.27406844, 0.78907717]), array([0.18608118, 0.91589149, 0.06331882, 0.69758299, 0.        ,
       0.68121434, 0.        , 0.64172458]), array([0.48914651, 0.0789436 , 0.02683723, 0.6449715 , 0.60485403,
       0.7695716 , 0.26194885, 0.29706126]), array([0.74729983, 0.07361581, 0.0383723 , 0.26333536, 0.34651349,
       0.42940466, 0.53438102, 0.32253095]), array([0.77342511, 0.57696332, 0.97465089, 0.90535795, 0.45231019,
       0.33001472, 0.6785315 , 0.74012777]), array([0.65029462, 0.88962387, 0.85851666, 0.6570507 , 0.22927506,
       0.59842203, 0.44523079, 0.89990739]), array([0.09353812, 0.08765413, 0.71998683, 0.01023727, 0.44197772,
       0.30283425, 0.88604148, 0.32761506]), array([0.69329537, 0.06328039, 0.43630448, 0.45382823, 0.46114541,
       0.25863121, 0.45769307, 0.60119075]), array([0.41987219, 0.36524817, 0.85084144, 0.61062591, 0.34750788,
       0.63482979, 0.41268654, 0.68994261]), array([0.34474078, 0.96323946, 0.26808218, 0.96394098, 0.96587903,
       0.12253267, 0.45055888, 0.65460374]), array([0.56987962, 0.49197824, 0.62304284, 0.65047958, 0.89254129,
       0.89315373, 0.95437719, 0.06267311]), array([0.35899262, 0.56138829, 0.53556465, 0.05271439, 0.51365333,
       0.13789351, 0.71127865, 0.22096512]), array([0.3478008 , 0.2492445 , 0.23278142, 0.97755347, 0.15553105,
       0.36473355, 0.21408427, 0.18522552]), array([0.84579458, 0.05524966, 0.47779137, 0.56896539, 0.05694578,
       0.62244308, 0.93026964, 0.91785146]), array([0.22888799, 0.03413815, 0.74122164, 0.18412883, 0.08963226,
       0.85675043, 0.26328646, 0.46456315]), array([0.51658592, 0.71740139, 0.85494453, 0.82983634, 0.72464269,
       0.99804118, 0.074565  , 0.6203843 ]), array([0.36718651, 0.08280028, 0.97073294, 0.73640778, 0.68648767,
       0.16659554, 0.77932156, 0.40679179]), array([0.13575408, 0.16520317, 0.71154256, 0.35095219, 0.33938865,
       0.64352028, 0.20204367, 0.67573529]), array([0.12679253, 0.92816331, 0.03603207, 0.20882915, 0.77848686,
       0.65802706, 0.84322251, 0.8385258 ]), array([0.33990284, 0.31648661, 0.97453361, 0.50542248, 0.2364897 ,
       0.35980066, 0.67067386, 0.06261782]), array([0.39549602, 0.55405113, 0.82552179, 0.97229216, 0.01073876,
       0.14650825, 0.87742495, 0.61763481]), array([0.14863348, 0.17603346, 0.62543497, 0.97166921, 0.34556277,
       0.3884598 , 0.60660671, 0.81940727]), array([0.89785424, 0.98685754, 0.98230461, 0.97167127, 0.16737002,
       0.49609216, 0.95656313, 0.07602096]), array([0.22121732, 0.86513798, 0.14102286, 0.66302465, 0.0085813 ,
       0.75183041, 0.01092874, 0.62091451]), array([0.30118271, 0.75515147, 0.42939402, 0.31213483, 0.13516884,
       0.15008893, 0.19304056, 0.51304154]), array([0.99868441, 0.83458373, 0.73941553, 0.95546649, 0.45823838,
       0.00432073, 0.91775634, 0.07955335]), array([0.46030737, 0.84369542, 0.14742309, 0.03192795, 0.95162112,
       0.85014798, 0.15255955, 0.46063851]), array([0.51554238, 0.68770362, 0.47036856, 0.40218859, 0.9716656 ,
       0.83194901, 0.53460651, 0.70900132]), array([0.75046771, 0.89528072, 0.77607315, 0.49211322, 0.52427171,
       0.15103501, 0.34371813, 0.21317084]), array([0.94770882, 0.83840652, 0.45531634, 0.94359301, 0.64280407,
       0.55070991, 0.63331626, 0.40712314]), array([0.22714035, 0.32947375, 0.90853759, 0.03354737, 0.29799688,
       0.46659416, 0.54212142, 0.71189647]), array([0.10138657, 0.08182521, 0.52822343, 0.56294112, 0.7003655 ,
       0.84874618, 0.68853957, 0.11942559]), array([0.25993556, 0.49200412, 0.67775348, 0.7081174 , 0.16982281,
       0.70339449, 0.3356631 , 0.91036666]), array([0.54379211, 0.87874065, 0.26075268, 0.85039163, 0.33432116,
       0.76795068, 0.47676731, 0.09817003]), array([0.        , 0.91887354, 0.11154178, 0.40635675, 0.90856114,
       0.68639043, 0.33751417, 0.71911725]), array([0.58243572, 0.35260208, 0.67417326, 0.87181855, 0.09536397,
       0.2213247 , 0.22387546, 0.20668407])]
Mejor valor fitness:  0.6050488599348534 Tasa de clasificación:  0.6938110749185668  Tasa de reduccion:  0.25  Indice:  39  Cromosoma:  [0.99868441 0.83458373 0.73941553 0.95546649 0.45823838 0.00432073
 0.91775634 0.07955335]
Tiempo de ejecucion AGE BLX_alpha:  0.6410171985626221
Probamos en conjunto test: 
Mejor valor fitness:  0.5902597402597403  Tasa de clasificación:  0.6753246753246753  Tasa de reduccion:  0.25
Pasamos a la siguiente vuelta:  0.6680781758957655 [0.08764056 0.46422139 0.07891347 0.70303706 0.98337225 0.07338815
 0.09120609 0.38416043]
Pasamos a la siguiente vuelta:  0.6680781758957655 [0.08764056 0.46422139 0.07891347 0.70303706 0.98337225 0.07338815
 0.09120609 0.38416043]
Pasamos a la siguiente vuelta:  0.6680781758957655 [0.08764056 0.46422139 0.07891347 0.70303706 0.98337225 0.07338815
 0.09120609 0.38416043]
Poblacion:  [array([0.65720237, 0.86105582, 0.2229776 , 0.0130841 , 0.07051382,
       0.83672787, 0.60415701, 0.24818225]), array([0.90198572, 0.64988678, 0.81667903, 0.76141482, 0.68384141,
       0.95236782, 0.79218838, 0.93118684]), array([0.75867262, 0.53234797, 0.10579667, 0.96668667, 0.14543279,
       0.72084262, 0.12573992, 0.0135018 ]), array([0.74285714, 0.35722412, 0.35902525, 0.61842647, 0.9477505 ,
       0.36247585, 0.45685703, 0.06767953]), array([0.63712015, 0.630554  , 0.37898505, 0.41878908, 0.91920373,
       0.76861336, 0.27153939, 0.69065898]), array([0.68819185, 0.13691031, 0.02765162, 0.45316879, 0.83407963,
       0.9441911 , 0.97485211, 0.96988565]), array([0.82359432, 0.99943155, 0.62395059, 0.66795706, 0.64620186,
       0.65337954, 0.33918357, 0.95162167]), array([0.81878868, 0.1728003 , 0.52589031, 0.44454527, 0.48873123,
       0.30747096, 0.90531464, 0.84060888]), array([0.02259777, 0.85837865, 0.50497577, 0.77909745, 0.29598803,
       0.43089708, 0.76846228, 0.5883388 ]), array([0.22896922, 0.92176233, 0.68080893, 0.55602155, 0.9154072 ,
       0.566604  , 0.68492689, 0.49930927]), array([2.99831772e-01, 1.46337038e-01, 8.66743829e-01, 3.91698267e-04,
       8.49696343e-01, 6.14349413e-01, 8.23258632e-01, 9.12805356e-02]), array([0.21207195, 0.83820324, 0.43556103, 0.86276395, 0.96009524,
       0.76526641, 0.04032403, 0.27133632]), array([0.20095541, 0.4450258 , 0.428246  , 0.93051157, 0.24929436,
       0.29208296, 0.45113601, 0.49291554]), array([0.24377151, 0.04074153, 0.43005621, 0.2817585 , 0.43145531,
       0.9134279 , 0.51680669, 0.46982902]), array([0.52349048, 0.31454062, 0.66363331, 0.9038084 , 0.97793103,
       0.83964404, 0.69969575, 0.93821494]), array([0.74059252, 0.83998182, 0.84483484, 0.61302225, 0.04471954,
       0.23001044, 0.22210617, 0.394135  ]), array([0.2855101 , 0.23293933, 0.87147692, 0.53507081, 0.48741179,
       0.56520916, 0.93067585, 0.44759287]), array([0.18716254, 0.84156644, 0.47421353, 0.2407941 , 0.84181987,
       0.42252683, 0.57118872, 0.20184109]), array([0.71834552, 0.52728474, 0.27202496, 0.83518317, 0.42662731,
       0.10728962, 0.19285222, 0.20104683]), array([0.24810956, 0.49991179, 0.61688041, 0.7866207 , 0.92672578,
       0.5195809 , 0.0357497 , 0.75079855]), array([0.73368494, 0.07531443, 0.9240222 , 0.89562802, 0.0009862 ,
       0.61109426, 0.53686192, 0.38612358]), array([0.01706533, 0.43851652, 0.1190595 , 0.21068209, 0.4366925 ,
       0.01433525, 0.87252477, 0.54297614]), array([0.99852281, 0.55876322, 0.24079676, 0.03722679, 0.10194258,
       0.97340351, 0.41491581, 0.12297898]), array([0.43618077, 0.15795712, 0.5565853 , 0.42296714, 0.60377582,
       0.18636219, 0.49261717, 0.81525021]), array([0.61274806, 1.        , 0.71638266, 0.48679947, 0.09810017,
       0.18908369, 0.22556719, 0.3420574 ]), array([0.37585438, 0.33810368, 0.17740525, 0.68132511, 0.16788434,
       0.09648895, 0.36433174, 0.43562668]), array([0.89616097, 0.95560489, 0.36847335, 0.63686358, 0.5827948 ,
       0.9029111 , 0.27728538, 0.90447706]), array([0.79338704, 0.45895139, 0.02097748, 0.53929026, 0.65739061,
       0.70792425, 0.27122107, 0.65187385]), array([0.38960285, 0.53733477, 0.49217671, 0.26648482, 0.19127303,
       0.11764839, 0.23160821, 0.25115892]), array([0.37103131, 0.60835704, 0.34324973, 0.26967218, 0.63432306,
       0.82843727, 0.7160806 , 0.50900909]), array([0.64408759, 0.0689916 , 0.83368371, 0.78336109, 0.07971213,
       0.66638625, 0.53319414, 0.63738261]), array([0.44044231, 0.25749691, 0.66922823, 0.89795197, 0.32419596,
       0.07362123, 0.411294  , 0.28181157]), array([0.68721342, 0.5733508 , 0.50561482, 0.07307072, 0.9693588 ,
       0.10641155, 0.00497073, 0.13184052]), array([0.25963377, 0.48735692, 0.75570349, 0.65628361, 0.39981844,
       0.76389146, 0.80655818, 0.6704218 ]), array([0.60315046, 0.19527688, 0.63100631, 0.72024708, 0.29551087,
       0.79403247, 0.95426462, 0.33020973]), array([0.08764056, 0.46422139, 0.07891347, 0.70303706, 0.98337225,
       0.07338815, 0.09120609, 0.38416043]), array([0.58913719, 0.0956914 , 0.51934431, 0.01461111, 0.79316943,
       0.518242  , 0.70584497, 0.47214629]), array([0.4332979 , 0.85073736, 0.81458174, 0.03473856, 0.23134212,
       0.87641714, 0.80836135, 0.3376571 ]), array([0.89555279, 0.66480909, 0.10451825, 0.13226233, 0.04419903,
       0.5174251 , 0.11652936, 0.32047206]), array([0.15417417, 0.0344187 , 0.33971773, 0.16949156, 0.51018123,
       0.9687199 , 0.51313891, 0.4851374 ]), array([0.99566546, 0.28589723, 0.18000909, 0.96528999, 0.67220124,
       0.04819609, 0.10038247, 0.17625864]), array([0.85100187, 0.63102695, 0.78789256, 0.14280035, 0.24364414,
       0.65788812, 0.75092655, 0.01997317]), array([0.46937149, 0.61390156, 0.95024533, 0.04901599, 0.37097299,
       0.09486835, 0.36986326, 0.69645797]), array([0.96890751, 0.23794981, 0.0655586 , 0.92832101, 0.59370119,
       0.70821913, 0.59333536, 0.78578732]), array([0.11884651, 0.17288206, 0.80614316, 0.9766399 , 0.93466965,
       0.39276091, 0.08827018, 0.42056554]), array([0.19613938, 0.6609338 , 0.36389988, 0.99073715, 0.36064476,
       0.5018572 , 0.63931361, 0.22173729]), array([0.86725469, 0.15471275, 0.56402165, 0.54376856, 0.5238384 ,
       0.33055668, 0.96450916, 0.88492216]), array([0.0173369 , 0.14035464, 0.85118107, 0.52654303, 0.7825969 ,
       0.46073741, 0.61031145, 0.99267371]), array([0.34932207, 0.75493906, 0.64906978, 0.762177  , 0.13758662,
       0.18671251, 0.73530848, 0.64296984]), array([0.32738838, 0.35619123, 0.1392739 , 0.69489208, 0.13277718,
       0.07340324, 0.30513722, 0.3913134 ])]
Mejor valor fitness:  0.6680781758957655 Tasa de clasificación:  0.7100977198697068  Tasa de reduccion:  0.5  Indice:  35  Cromosoma:  [0.08764056 0.46422139 0.07891347 0.70303706 0.98337225 0.07338815
 0.09120609 0.38416043]
Tiempo de ejecucion AGG BLX_alpha:  0.5840182304382324
Probamos en conjunto test: 
Mejor valor fitness:  0.6714285714285715  Tasa de clasificación:  0.7142857142857143  Tasa de reduccion:  0.5
Launching partition  4
Test size:  152
Train size:  616
Test set size:  152
Train set size:  616
Pasamos a la siguiente vuelta:  0.6568181818181819 [0.06386588 0.50186072 0.31940585 0.02883143 0.5604316  0.59240559
 0.07857833 0.7507339 ]
Pasamos a la siguiente vuelta:  0.6568181818181819 [0.06386588 0.50186072 0.31940585 0.02883143 0.5604316  0.59240559
 0.07857833 0.7507339 ]
Pasamos a la siguiente vuelta:  0.6568181818181819 [0.06386588 0.50186072 0.31940585 0.02883143 0.5604316  0.59240559
 0.07857833 0.7507339 ]
Poblacion:  [array([0.3138462 , 0.39245185, 0.81315329, 0.96305432, 0.55294925,
       0.73765746, 0.65643489, 0.74826384]), array([0.72903302, 0.47984546, 0.39633102, 0.19974967, 0.14595411,
       0.07671632, 0.33782132, 0.00254469]), array([0.60197482, 0.63782234, 0.38341884, 0.40794503, 0.14166563,
       0.55443449, 0.41012942, 0.77965348]), array([0.06386588, 0.50186072, 0.31940585, 0.02883143, 0.5604316 ,
       0.59240559, 0.07857833, 0.7507339 ]), array([0.45216722, 1.        , 0.66424303, 0.64588332, 0.81533185,
       0.39039491, 0.34743935, 0.67568522]), array([0.35704957, 0.91211909, 0.39318653, 0.60243449, 0.22489309,
       0.97841443, 0.32472381, 0.00970356]), array([0.45092995, 0.44944877, 0.76943112, 0.76280947, 0.26705535,
       0.9704932 , 0.92456493, 0.84372323]), array([0.44425515, 0.38951439, 0.68564475, 0.37704568, 0.51182584,
       0.87652079, 0.74339476, 0.91998261]), array([0.14712395, 0.03917885, 0.67801735, 0.7152196 , 0.42988419,
       0.35395652, 0.41678667, 0.91308323]), array([0.17114906, 0.52462881, 0.28663442, 0.2079387 , 0.06540599,
       0.63342946, 0.27521929, 0.43870933]), array([0.22619573, 0.73494061, 0.61930831, 0.55386404, 0.378617  ,
       0.79177299, 0.99854575, 0.17610676]), array([0.49301957, 0.84853759, 0.91138272, 0.63068447, 0.3046668 ,
       0.73904802, 0.4761118 , 0.99230532]), array([0.86577807, 0.3701688 , 0.36625626, 0.05398237, 0.11446693,
       0.00953731, 0.28148431, 0.18949673]), array([0.95696774, 0.28003678, 0.59655238, 0.84479077, 0.89828357,
       0.95436188, 0.64164665, 0.96974429]), array([0.66019424, 0.33315834, 0.27720898, 0.96722519, 0.19543521,
       0.06475317, 0.57266068, 0.00757451]), array([0.54261089, 0.97463056, 0.11389315, 0.65164023, 0.42007772,
       0.7987022 , 0.82880623, 0.72291138]), array([0.34945426, 0.42790659, 0.63084024, 0.70371805, 0.7305501 ,
       0.39040746, 0.84140052, 0.55596243]), array([0.59417631, 0.2179573 , 0.71228292, 0.09918288, 0.23925686,
       0.07675046, 0.58783622, 0.85668135]), array([0.66019424, 0.33315834, 0.27720898, 0.96722519, 0.19543521,
       0.06475317, 0.57266068, 0.00757451]), array([0.48602943, 0.19831689, 0.05005916, 0.84192369, 0.32652713,
       0.4610753 , 0.77515539, 0.02587235]), array([0.1267381 , 0.06113973, 0.16340535, 0.80934447, 0.40314935,
       0.48346179, 0.75881847, 0.64149186]), array([0.07865162, 0.87983189, 0.86354221, 0.91835428, 0.07428922,
       0.53519809, 0.46580253, 0.80774755]), array([0.95824222, 0.69020005, 0.95463436, 0.96590076, 0.68939655,
       0.81759163, 0.56174092, 0.12821206]), array([0.70920079, 0.07061111, 0.27869407, 0.99145469, 0.94892077,
       0.74227488, 0.10547709, 0.85794257]), array([0.27267756, 0.5968869 , 0.69311069, 0.42145492, 0.43133064,
       0.83918033, 0.93730513, 0.32654475]), array([0.27288845, 0.37452682, 0.07612725, 0.47854925, 0.21800839,
       0.0788012 , 0.72024926, 0.63184496]), array([0.49324638, 0.49460084, 0.93889976, 0.01258905, 0.3026365 ,
       0.0880109 , 0.91566354, 0.79415354]), array([0.1204851 , 0.3739349 , 0.49328944, 0.77668419, 0.68848974,
       0.42916335, 0.75186401, 0.74625882]), array([0.61779889, 0.82999932, 0.13508695, 0.55933073, 0.33026118,
       0.48070978, 0.88054489, 0.39358158]), array([0.48383226, 0.84603825, 0.51268593, 0.85993847, 0.87377278,
       0.39037352, 0.59979193, 0.6203407 ]), array([0.35914815, 0.44354822, 0.08399949, 0.73362968, 0.76055081,
       0.59694192, 0.04651999, 0.14066782]), array([0.690405  , 0.76125967, 0.34101507, 0.89554344, 0.74281052,
       0.03185888, 0.78909166, 0.54099079]), array([0.31780055, 0.0041926 , 0.74258804, 0.0170916 , 0.25716778,
       0.74791647, 0.33761993, 0.75376045]), array([0.53459578, 0.80761586, 0.17858427, 0.49392066, 0.8572592 ,
       0.48579269, 0.4731375 , 0.66025797]), array([0.15018161, 0.19722268, 0.10137645, 0.42015287, 0.03974121,
       0.06141442, 0.94957363, 0.3188345 ]), array([0.25385329, 0.68253412, 0.63353918, 0.18003758, 0.64471827,
       0.48476992, 0.31696183, 0.74968754]), array([0.66019424, 0.        , 0.27720898, 0.96722519, 0.19543521,
       0.06475317, 0.57266068, 0.00757451]), array([0.09191875, 0.51270472, 0.26202675, 0.31975916, 0.33314455,
       0.26725529, 0.30579391, 0.5212706 ]), array([0.90955558, 0.5570135 , 0.47229241, 0.92798334, 0.87322249,
       0.76592524, 0.69226264, 0.05874112]), array([0.60210368, 0.65543644, 0.85631189, 0.39104093, 0.99400065,
       0.22645296, 0.40077693, 0.09949511]), array([0.63895938, 0.0675481 , 0.77744719, 0.57140182, 0.39036472,
       0.75100066, 0.50789901, 0.46799684]), array([0.45346623, 0.94946287, 0.48191606, 0.63385666, 0.18935887,
       0.39076751, 0.36627049, 0.92836128]), array([0.26141941, 0.60118011, 0.96443303, 0.70621182, 0.01561485,
       0.9887565 , 0.96685185, 0.84543983]), array([0.73542438, 0.99842226, 0.86534118, 0.37577889, 0.21666074,
       0.38993567, 0.09006729, 0.26887197]), array([0.58357484, 0.89632577, 0.91672912, 0.57637   , 0.32369332,
       0.98428552, 0.60027976, 0.86590937]), array([0.84222261, 0.04318468, 0.00287098, 0.47342417, 0.55345234,
       0.20035171, 0.8192574 , 0.10285554]), array([0.50712034, 0.38509836, 0.73774598, 0.77897861, 0.88156945,
       0.32211671, 0.30372883, 0.34005852]), array([0.35423015, 0.0854457 , 0.30634137, 0.50449758, 0.41004235,
       0.61908568, 0.7909652 , 0.85146547]), array([0.9826149 , 0.60511645, 0.04882949, 0.09612693, 0.74581103,
       0.72578485, 0.1896242 , 0.93252263]), array([0.85376885, 0.70441361, 0.45016274, 0.67646895, 0.41875095,
       0.61869989, 0.36491129, 0.63142978])]
Mejor valor fitness:  0.6568181818181819 Tasa de clasificación:  0.7272727272727273  Tasa de reduccion:  0.375  Indice:  3  Cromosoma:  [0.06386588 0.50186072 0.31940585 0.02883143 0.5604316  0.59240559
 0.07857833 0.7507339 ]
Tiempo de ejecucion AGE BLX_alpha:  0.5432300567626953
Probamos en conjunto test: 
Mejor valor fitness:  0.6434210526315789  Tasa de clasificación:  0.7105263157894737  Tasa de reduccion:  0.375
Pasamos a la siguiente vuelta:  0.6227272727272728 [0.48846222 0.30138433 0.08698985 0.65646625 0.40812824 0.59902646
 0.0627723  0.39888025]
Pasamos a la siguiente vuelta:  0.6227272727272728 [0.48846222 0.30138433 0.08698985 0.65646625 0.40812824 0.59902646
 0.0627723  0.39888025]
Pasamos a la siguiente vuelta:  0.6227272727272728 [0.48846222 0.30138433 0.08698985 0.65646625 0.40812824 0.59902646
 0.0627723  0.39888025]
Poblacion:  [array([0.16167933, 0.06960836, 0.89157548, 0.95686043, 0.39535706,
       0.83875726, 0.86055466, 0.99953025]), array([0.81123602, 0.01523155, 0.7865174 , 0.96408176, 0.35343076,
       0.07182006, 0.82479227, 0.22346844]), array([0.76016161, 0.29917634, 0.88721372, 0.41410317, 0.29716514,
       0.41409191, 0.70695928, 0.2254849 ]), array([0.92793267, 0.15444745, 0.14423021, 0.2376163 , 0.28330716,
       0.97550078, 0.0306276 , 0.83991575]), array([0.73576269, 0.04441878, 0.1439785 , 0.64518606, 0.45490337,
       0.68754628, 0.4576834 , 0.90332048]), array([0.22124024, 0.00282533, 0.57578196, 0.75651517, 0.00185502,
       0.07756757, 0.24153794, 0.5309582 ]), array([0.89728481, 0.5856319 , 0.96740243, 0.78026174, 0.51815288,
       0.84137587, 0.88339533, 0.05586788]), array([0.9808933 , 0.9207197 , 0.3744717 , 0.17368226, 0.29072911,
       0.60491986, 0.11504554, 0.1828595 ]), array([0.6541213 , 0.33084423, 0.37622108, 0.74247907, 0.14413987,
       0.70716695, 0.00678084, 0.40805169]), array([0.30700688, 0.2112549 , 0.20757308, 0.64773813, 0.00502254,
       0.68097671, 0.28846019, 0.95454509]), array([0.80906785, 0.16173057, 0.03353315, 0.14585638, 0.65435502,
       0.61729817, 0.23980468, 0.00411301]), array([0.00425977, 0.7910195 , 0.99917389, 0.79317751, 0.55931348,
       0.59471845, 0.45756986, 0.17250006]), array([0.54765534, 0.34767251, 0.47180254, 0.72232839, 0.31063778,
       0.38036335, 0.04368009, 0.31890184]), array([0.48846222, 0.30138433, 0.08698985, 0.65646625, 0.40812824,
       0.59902646, 0.0627723 , 0.39888025]), array([0.71715148, 0.88906121, 0.85401073, 0.34131321, 0.47870973,
       0.73582394, 0.59368069, 0.53614296]), array([0.7158078 , 0.43893828, 0.13177848, 0.51571602, 0.07344015,
       0.53211393, 0.04582266, 0.46421197]), array([0.24012245, 0.90628323, 0.6445859 , 0.81147547, 0.45975755,
       0.06155019, 0.48330918, 0.33913019]), array([0.79382945, 0.10306901, 0.07329631, 0.22772719, 0.98285943,
       0.25933301, 0.69423696, 0.93219458]), array([0.0027974 , 0.95996348, 0.65116218, 0.36932186, 0.65399907,
       0.16684222, 0.45135479, 0.06862784]), array([0.6614439 , 0.54420567, 0.2085338 , 0.99065028, 0.53858925,
       0.49394202, 0.0999814 , 0.78987644]), array([0.86563331, 0.43799492, 0.69385647, 0.61121739, 0.66032683,
       0.66330364, 0.82552356, 0.32397434]), array([0.68564649, 0.39708519, 0.60325024, 0.32961188, 0.43179641,
       0.90751053, 0.11949839, 0.07624291]), array([0.3128744 , 0.46114126, 0.27034579, 0.34506634, 0.15643604,
       0.21217645, 0.63384771, 0.71364839]), array([0.18818703, 0.58443392, 0.53150371, 0.15357572, 0.64536619,
       0.39006296, 0.13198171, 0.33656309]), array([0.77895143, 0.51245259, 0.76169111, 0.85868089, 0.4635098 ,
       0.15487102, 0.45541501, 0.86311105]), array([0.96326768, 0.49164246, 0.54269162, 0.44238524, 0.94483763,
       0.13217214, 0.92338794, 0.72575306]), array([0.85679213, 0.8527426 , 0.82257186, 0.71987506, 0.92387393,
       0.13425493, 0.71375552, 0.03026682]), array([0.87695105, 0.2970008 , 0.88268805, 0.91817143, 0.33776287,
       0.44707087, 0.72090177, 0.57950259]), array([0.81623344, 0.39403476, 0.46745108, 0.74296616, 0.53255125,
       0.43792803, 0.17612319, 0.72068569]), array([0.61137535, 0.77477159, 0.87335242, 0.25924294, 0.28707609,
       0.29082266, 0.47465422, 0.25168425]), array([0.87454388, 0.86503629, 0.87355115, 0.14270219, 0.08902358,
       0.59131949, 0.5991539 , 0.24943493]), array([0.5707311 , 0.97078938, 0.14572815, 0.40381208, 0.45050414,
       0.3509521 , 0.24925466, 0.6724389 ]), array([0.82548095, 0.25070599, 0.34684227, 0.36371845, 0.84068548,
       0.43740524, 0.75210874, 0.66408812]), array([0.42846471, 0.35546245, 0.70395189, 0.35620255, 0.52059885,
       0.38813447, 0.30105782, 0.30454348]), array([0.28788473, 0.25140851, 0.67581777, 0.78073318, 0.80613414,
       0.03443733, 0.03839447, 0.87022887]), array([0.72077684, 0.57732052, 0.23966026, 0.32881574, 0.19936077,
       0.55490451, 0.61182179, 0.39985825]), array([0.54104969, 0.35705703, 0.83072595, 0.41001408, 0.61458851,
       0.35658876, 0.48548349, 0.17267273]), array([0.67213668, 0.48630919, 0.03914552, 0.38768787, 0.23426304,
       0.54338559, 0.61582894, 0.44744072]), array([0.82171076, 0.63187947, 0.47526983, 0.40516435, 0.28659803,
       0.61573009, 0.07241272, 0.71135118]), array([0.87411556, 0.29207398, 0.80011888, 0.04360896, 0.22178259,
       0.05282403, 0.56741503, 0.71591048]), array([0.92987457, 0.77705953, 0.49298412, 0.22925185, 0.2922167 ,
       0.56081292, 0.25185728, 0.19271171]), array([0.42567121, 0.57211459, 0.8035653 , 0.04447094, 0.2700201 ,
       0.38087914, 0.11077262, 0.7063595 ]), array([0.8549336 , 0.98147889, 0.16785048, 0.82911802, 0.51492324,
       0.73555068, 0.75271351, 0.44016083]), array([0.90551718, 0.68458976, 0.41831806, 0.82771997, 0.01654763,
       0.22861318, 0.72894913, 0.90503385]), array([0.47487919, 0.259122  , 0.89275824, 0.07333786, 0.07328781,
       0.29691006, 0.58708519, 0.8180934 ]), array([0.68281236, 0.64636629, 0.62143014, 0.96846107, 0.42529987,
       0.51950349, 0.91288695, 0.65714404]), array([0.56928198, 0.59467277, 0.56458938, 0.12173178, 0.50511653,
       0.40646723, 0.87352024, 0.46888829]), array([0.34077454, 0.2041332 , 0.55478679, 0.59649773, 0.30815421,
       0.22202731, 0.42866196, 0.87902666]), array([0.75760196, 0.1731932 , 0.22120428, 0.33646949, 0.67279169,
       0.44391674, 0.12720014, 0.77915374]), array([0.3066327 , 0.16808993, 0.58406946, 0.34045839, 0.23378376,
       0.58550957, 0.75932093, 0.76866457])]
Mejor valor fitness:  0.6227272727272728 Tasa de clasificación:  0.7159090909090909  Tasa de reduccion:  0.25  Indice:  13  Cromosoma:  [0.48846222 0.30138433 0.08698985 0.65646625 0.40812824 0.59902646
 0.0627723  0.39888025]
Tiempo de ejecucion AGG BLX_alpha:  0.5631909370422363
Probamos en conjunto test: 
Mejor valor fitness:  0.5921052631578947  Tasa de clasificación:  0.6776315789473685  Tasa de reduccion:  0.25
Introduzca conjunto de datos o FIN para terminar la ejecución: